"WinAge"	"NumOTUs"	"aveStrength"	"stdDev"	"stdError"	"ConfInterv"	"Gender"
27.3	300	58.8070842325187	29.588754852675	1.70830755791778	3.36182912711551	"male"
28.6	300	61.0228030122339	29.2822940001616	1.69061403234831	3.32700951319698	"male"
29.8	300	62.2102762687723	28.9237321189552	1.66991245248474	3.28627025998693	"male"
30.9	300	62.1409198213882	28.6813462717732	1.65591829907291	3.25873075029435	"male"
32.2	300	62.8714868678855	30.1438490449827	1.74035593605322	3.42489808129369	"male"
33.3	300	66.4087897336765	30.1826992937946	1.74259895621418	3.42931218721676	"male"
34.3	300	65.8451846605557	30.4326202020698	1.75702814658106	3.45770781904034	"male"
35.2	300	63.248938302288	30.948259964822	1.78679862216405	3.51629402120229	"male"
36.1	300	64.6139775545564	31.4951102184844	1.81837103627989	3.57842631166489	"male"
37.2	300	61.635114797675	30.790285054128	1.77767793644261	3.49834515316885	"male"
38.3	300	60.67658351453	30.1787996813367	1.74237381198395	3.42886911920627	"male"
39.3	300	61.5736331646776	29.3807318359033	1.6962973434447	3.3381938697221	"male"
40.6	300	62.9631766697623	30.0432567004636	1.73454823433457	3.41346893277247	"male"
41.8	300	63.1270035418044	30.5549946546699	1.76409343889612	3.47161181740777	"male"
42.9	300	57.1491721475602	30.7763607461994	1.77687401614952	3.49676309457252	"male"
44	300	56.2285218105933	30.0099088458005	1.73262289504791	3.40968000046723	"male"
45	300	55.1622354246622	30.2052115824832	1.74389870380763	3.4318699990682	"male"
45.9	300	55.7021060331385	30.3859777756959	1.7543352448388	3.45240837780586	"male"
46.7	300	52.9844518050085	29.405087654796	1.6977035273041	3.34096114065918	"male"
47.3	300	54.2276679357386	30.0712610341156	1.73616506529181	3.4166507423831	"male"
47.9	300	54.7838192356468	30.0566434345813	1.73532111778921	3.41498991305359	"male"
48.5	300	52.3592671521981	28.517303251891	1.64644727090415	3.24009243296447	"male"
48.8	300	44.1117566914572	25.1192994264036	1.4502634285689	2.85401642904163	"male"
49.2	300	42.0340271458674	25.2612576004454	1.45845938756856	2.87014549992352	"male"
49.5	300	43.7829189710959	25.680087348105	1.48264053432415	2.91773229605588	"male"
49.9	300	45.7387946677449	25.547259511833	1.4749717156214	2.90264060020404	"male"
50.4	300	47.6597975080521	25.5790984040645	1.47680993492145	2.90625808650287	"male"
51	300	48.0647663157029	25.1963109721576	1.45470969223607	2.86276636322875	"male"
51.7	300	46.6268563423557	25.5282662502741	1.47387513915402	2.90048261483948	"male"
52.4	300	47.8795430589671	25.5352597885046	1.47427891127202	2.90127720997004	"male"
53	300	46.6784811752844	26.0756332479154	1.50547738749739	2.96267361696358	"male"
53.7	300	49.4318778695368	26.3060744033621	1.51878191381034	2.98885598902771	"male"
54.4	300	51.5090417842566	27.0740258489048	1.56311961119121	3.07610945916157	"male"
55	300	53.4367503419776	26.8440288145121	1.54984072621926	3.04997754745317	"male"
55.9	300	55.8357260898161	26.864414601286	1.55101770016742	3.05229374940547	"male"
56.7	300	54.6552591842164	27.8630500708816	1.60867394588675	3.16575718596348	"male"
57.5	300	54.4048491297636	28.592793565959	1.65080570621898	3.24866952713124	"male"
58.1	300	56.4082808648583	28.1238977735853	1.6237339950241	3.19539430347846	"male"
58.7	300	58.6832108314309	27.9912279918721	1.61607430160556	3.18032056554416	"male"
59.3	300	56.4303067549659	27.6434828314543	1.59599722540789	3.14081029162668	"male"
59.9	300	57.7646109812978	27.5775120750338	1.59218840201009	3.13331479505791	"male"
60.4	300	57.5630267823783	28.020249692917	1.61774987029662	3.18361796688385	"male"
60.9	300	57.6065133345947	27.1170141853398	1.56560154395248	3.08099372827911	"male"
61.4	300	57.9410552096686	27.9519864427086	1.61380868970826	3.17586200067287	"male"
61.7	300	54.6119311990956	27.6430686364894	1.59597331185045	3.14076323142749	"male"
62	300	55.6223671409748	27.3283107115186	1.5778007545793	3.1050009168108	"male"
62.2	300	54.0073412955023	27.0573109128193	1.56215457390636	3.07421033365696	"male"
62.5	300	51.8355759112558	26.950019306926	1.55596009015194	3.06202002529209	"male"
62.7	300	55.322159533544	28.1488387264606	1.62517396160974	3.1982280564448	"male"
62.9	300	56.751629892883	28.3033683425396	1.63409573315383	3.21578547536705	"male"
63.1	300	58.8662113814846	27.9566354825624	1.61407710214937	3.17639021747928	"male"
63.6	300	60.8750381072647	28.1096509919918	1.62291145670529	3.19377560591693	"male"
64.1	300	60.6828082135376	30.2323064831631	1.74546302862775	3.43494848029377	"male"
64.6	300	60.4139518430459	30.9729445521336	1.78822378747697	3.51909864630491	"male"
65.1	300	59.4065004464305	31.0994202058723	1.79552586275016	3.53346861688078	"male"
65.6	300	58.5600806752878	31.1667316244086	1.79941208931131	3.54111643743117	"male"
66.2	300	60.6674309519771	30.1883359063038	1.74292438618914	3.42995261051967	"male"
66.7	300	59.2679116744434	30.0589337490821	1.73545334915857	3.41525013508853	"male"
67.2	300	56.7646321620901	29.9464461253045	1.72895887317172	3.40246946310897	"male"
67.7	300	56.3389037555867	30.2430820791913	1.7460851579545	3.43617278705388	"male"
68.2	300	55.3340052672807	30.4367055469143	1.75726401407564	3.45817198968088	"male"
68.4	300	52.1633630802401	28.9079044843178	1.66899864357289	3.28447194831744	"male"
68.7	300	53.476098765182	28.9873762200256	1.67358694637328	3.29350140552898	"male"
69	300	51.6764128191055	29.0169145469614	1.67529234247405	3.29685750511321	"male"
69.2	300	56.403709986591	30.0755491508712	1.73641263982813	3.41713795165842	"male"
69.4	300	58.6886471522967	30.3794606884413	1.75395898063073	3.45166791630738	"male"
69.6	300	60.0295208506983	31.1306776820106	1.79733051397643	3.53702004357126	"male"
69.8	300	61.1211797995276	31.6213847108845	1.82566149749779	3.59277342659676	"male"
70.1	300	59.159934433556	30.5532948553939	1.76399530093917	3.47141868881061	"male"
70.4	300	59.6275301648916	29.8061297439605	1.72085770311765	3.38652693020542	"male"
70.7	300	59.4298201066425	29.3464218476029	1.69431645534658	3.33429562126272	"male"
71	300	60.1295785447458	29.5660120910812	1.70699450396495	3.35924512928466	"male"
71.2	300	57.8891762888358	29.4690418998003	1.70139592736101	3.34822752428123	"male"
71.5	300	57.0091897190549	29.7869951507923	1.719752966866	3.38435288695931	"male"
71.8	300	54.5742871254591	29.754418033455	1.71787212611959	3.38065152465167	"male"
72.1	300	51.3737053944432	28.3747714128891	1.63821819134256	3.22389818314612	"male"
72.3	300	51.0659226490938	28.0891558365939	1.62172816835668	3.19144697766864	"male"
72.5	300	49.9215956905173	28.1624697748255	1.62596095055402	3.19977679533747	"male"
72.7	300	50.5036932015895	28.0945369594199	1.6220388476279	3.19205837262403	"male"
72.9	300	50.6245622217899	29.6175837637641	1.70997199587555	3.36510462395494	"male"
73.1	300	51.0715874873196	30.6624251510801	1.77029594149829	3.48381790630102	"male"
73.4	300	55.4962803260036	31.6427838666075	1.8268969783295	3.59520476598105	"male"
73.7	300	57.1133572079229	31.4622778750257	1.81647546004649	3.57469595095519	"male"
74.1	300	57.4277657352524	32.367276246693	1.86872556539632	3.67752048348494	"male"
74.7	300	58.0356458671721	32.2436991625932	1.86159083911925	3.66347984396363	"male"
75.4	300	61.4493325111863	31.3334215098277	1.8090359343331	3.56005548758004	"male"
76.1	300	60.4287562980693	31.5079962188037	1.8191150098552	3.57989039933674	"male"
76.8	300	61.8659103681837	31.711069702139	1.83083946288209	3.60296329830193	"male"
77.4	300	64.0724121354172	31.850013560402	1.83886139027913	3.61874988722965	"male"
78	300	63.9239016135198	30.2895307467158	1.74876687302438	3.44145021370388	"male"
78.6	300	63.2837046391873	30.1742070280349	1.74210865502194	3.42834730895377	"male"
79.2	300	61.0739537108271	29.8826529412548	1.72527577197336	3.39522137898656	"male"
79.8	300	61.9300718010956	29.0120546183673	1.67501175436585	3.29630532745029	"male"
80.2	300	58.9446046561377	27.8173051678308	1.60603286267771	3.16055971995793	"male"
80.4	300	59.249559414003	28.6797215300527	1.65582449456594	3.25854614962198	"male"
80.5	300	57.872816788887	29.1746867997082	1.68440132773346	3.31478334746028	"male"
80.7	300	57.4455473307016	29.145692263038	1.6827273273783	3.31148903249533	"male"
80.9	300	61.1032660055964	30.8237831206167	1.77961194821307	3.50215115231225	"male"
81.1	300	58.9345682121182	29.6132061081372	1.70971925181009	3.36460724140983	"male"
81.3	300	60.0483649573775	30.5893676349899	1.76607796384018	3.47551722292419	"male"
81.5	300	59.3927741388086	31.0138299361741	1.79058430622514	3.52374398118382	"male"
24.7	300	47.6045184204608	28.0605967334139	1.62007930776581	3.1882021359917	"female"
25.7	300	46.4622976330973	27.738773906471	1.60149885818912	3.15163711800516	"female"
27	300	42.4916801596383	26.9679830200121	1.55699722561052	3.06406103493188	"female"
28.2	300	42.0033344346302	27.4389107280174	1.5841862495091	3.11756712173482	"female"
29.6	300	46.1083079790521	29.2484514004534	1.68866012894314	3.32316436871547	"female"
31.1	300	47.2818088074541	28.8951370802616	1.66826151715602	3.28302133537183	"female"
32.5	300	51.9495411455454	28.266810910885	1.63198508885317	3.21163187582692	"female"
34	300	52.2188124412654	27.8919479620177	1.61034236640939	3.16904052021047	"female"
35.4	300	56.3320292142634	28.1223644209232	1.62364546686687	3.1952200862913	"female"
36.5	300	58.0412260807346	28.3001935843417	1.63391243840382	3.21542476419031	"female"
37.6	300	58.5024516775972	28.705683502676	1.65732340975422	3.2614959092924	"female"
38.7	300	61.0554170916317	28.7692044376526	1.66099079264501	3.26871306089101	"female"
39.5	300	61.3435938395438	30.0155046025296	1.73294596621329	3.41031578179881	"female"
40.3	300	60.0501211938432	30.1449136173557	1.74041739916784	3.42501903638049	"female"
41	300	57.7224942796133	29.8453936318645	1.72312460474273	3.39098803317027	"female"
41.5	300	58.1493740146927	29.1859869567214	1.6850537426028	3.31606725403819	"female"
42	300	53.4158784207902	29.7180172943871	1.71577052846964	3.37651572828388	"female"
42.5	300	52.7393509362426	29.8375988163567	1.72267457085956	3.39010239813949	"female"
43	300	49.2210672944329	29.2728033940567	1.69006609194936	3.32593120502902	"female"
43.7	300	49.6809962517526	29.8872846466972	1.72554318361176	3.39574762628361	"female"
44.4	300	53.0109700592295	29.1442730597755	1.68264538963973	3.3113277847886	"female"
45	300	51.3874562552644	28.8836229816224	1.66759675036113	3.28171312107317	"female"
45.7	300	50.0551462559707	29.0258550273544	1.67580852135021	3.29787330883815	"female"
46.3	300	54.9922362753519	30.3181094608881	1.75041686585643	3.4446972835518	"female"
46.8	300	51.1503331458967	29.6967452900788	1.71454238872827	3.37409883564909	"female"
47.5	300	51.9827996148391	29.8064425881753	1.72087576518681	3.38656247508722	"female"
48.2	300	55.6764670387668	30.542929876758	1.76339687861861	3.47024103577136	"female"
48.8	300	56.0630253640283	30.0593528894728	1.73547754824031	3.41529775717944	"female"
49.5	300	52.5046642810631	30.0188958803882	1.73314176173175	3.41070109360865	"female"
50	300	50.5571923560558	29.2691191722744	1.68985338330559	3.32551260937806	"female"
50.4	300	48.4873320104571	28.815930316206	1.66368851250111	3.27402198383466	"female"
50.9	300	48.9234307596311	28.5341251708633	1.64741848484884	3.24200371370125	"female"
51.4	300	52.9888372124653	29.1222570485879	1.68137429464117	3.30882635922872	"female"
51.9	300	50.6932536206687	27.7567498831061	1.60253670168404	3.15367952101066	"female"
52.5	300	52.8787426232961	27.8058857963998	1.60537356496074	3.15926226841997	"female"
52.9	300	54.654011162174	28.4699702860296	1.64371450084599	3.23471453368828	"female"
53.4	300	52.2338704373736	28.0688726189996	1.62055711624287	3.18914242946985	"female"
53.9	300	54.6130816572335	27.929192698111	1.61249269225033	3.17327221023101	"female"
54.4	300	56.7081005748706	27.321348888759	1.57739881355487	3.10420992514361	"female"
55	300	58.0390077358553	28.1972129647082	1.62796684955715	3.20372426349887	"female"
55.8	300	58.7974844440354	27.7907283743822	1.60449845079253	3.15754010528453	"female"
56.5	300	59.0453563563169	28.1257958588601	1.62384358102853	3.19560996102789	"female"
57.1	300	59.5568783357586	29.6707501799948	1.71304156034781	3.37114531095101	"female"
57.7	300	61.782344512562	30.9888427686384	1.78914167143484	3.52090497737836	"female"
58.3	300	62.6542674963638	31.10426116365	1.79580535557777	3.53401863910852	"female"
58.9	300	63.0111614700322	30.7623926784505	1.77606756938204	3.49517606405226	"female"
59.4	300	65.9028962284289	30.9373349102892	1.78616786384651	3.51505273319519	"female"
59.9	300	65.1001598489665	32.3823179459111	1.86959399830558	3.67922949837267	"female"
60.4	300	64.8199834354549	31.3561349935566	1.81034729792761	3.56263615890462	"female"
60.8	300	63.8434027191005	31.5093247734711	1.81919171399469	3.58004134768857	"female"
61.1	300	63.6475068923074	31.7778608007445	1.83469564875803	3.61055200089661	"female"
61.5	300	64.4283206273541	32.3064161596405	1.86521180663205	3.67060565336279	"female"
61.9	300	60.7560048081244	31.341627150418	1.80950968721347	3.56098779992913	"female"
62.3	300	57.4072275108833	29.9525282327705	1.72931002380999	3.40316050286834	"female"
62.7	300	58.1375138485669	29.2418318929656	1.68827795150015	3.32241227038656	"female"
63.1	300	59.4301581261852	28.6898724648672	1.65641055906071	3.25969948332923	"female"
63.5	300	56.79336284043	28.0841804046159	1.6214409116575	3.19088167668768	"female"
63.9	300	59.8758173876098	28.5246323600096	1.64687041715866	3.24092515503309	"female"
64.2	300	60.6546936674892	29.1738579356441	1.6843534732444	3.31468917319147	"female"
64.5	300	62.5772427185593	28.9745397473738	1.67284583227918	3.29204294511505	"female"
64.8	300	63.9800808677001	30.3689413189553	1.75335164455028	3.45047272161558	"female"
65	300	62.2640925522044	30.2236843517822	1.74496522964037	3.43396884689728	"female"
65.2	300	62.0172869286266	29.6417589521459	1.71136775102754	3.36785137192929	"female"
65.5	300	61.7365758316195	30.9924241627384	1.78934844331961	3.52131188990513	"female"
65.7	300	61.8332651897821	31.5014684019088	1.81873812617105	3.57914871875292	"female"
66	300	60.9785785255826	31.5710720539847	1.82275669489731	3.5870569793765	"female"
66.3	300	61.7399882432012	32.0138322742406	1.84831946813243	3.63736271924949	"female"
66.6	300	58.2232267947871	30.0975318201741	1.73768180983208	3.41963558896429	"female"
66.9	300	56.9516598060539	30.1147830156209	1.73867780806559	3.42159564343834	"female"
67.3	300	56.6352501799699	29.6739260450777	1.71322491900387	3.37150614789034	"female"
67.7	300	57.3407269300103	29.3119802734263	1.69232797013437	3.33038242221711	"female"
68.1	300	57.5150850516716	29.5549211308677	1.70635416707846	3.35798499132754	"female"
68.5	300	59.8248550404884	29.798754597141	1.72043189881749	3.38568897728993	"female"
68.8	300	58.129399704045	29.8258468814519	1.72199607258148	3.38876716124765	"female"
69.1	300	57.465231252553	29.2346770488559	1.68786486638287	3.32159934792842	"female"
69.3	300	55.8972648990458	27.9186462938719	1.61188379531769	3.17207394389186	"female"
69.6	300	53.3567529973065	27.5149324777132	1.58857536727421	3.12620459680581	"female"
69.9	300	55.1896209598809	26.7032379468059	1.5417121616823	3.03398110413397	"female"
70.2	300	57.9330242318388	27.3741800179137	1.58044902021877	3.11021251733429	"female"
70.4	300	57.556595342191	26.9125398203893	1.55379621098783	3.05776166328477	"female"
70.5	300	57.2913437286745	27.444825525095	1.58452774047759	3.11823915194344	"female"
70.6	300	60.0103385041614	27.3344549141581	1.57815549028409	3.10569901172893	"female"
70.8	300	58.5714841050934	28.2076897244923	1.62857172556531	3.20491461694144	"female"
71.1	300	59.1135962213178	28.5681156423246	1.64938092563365	3.24586565914545	"female"
71.4	300	58.9447482984376	29.2372182040147	1.68801158004437	3.32188807009574	"female"
71.8	300	59.8917287663281	29.7968478195513	1.72032181096202	3.38547233213295	"female"
72.2	300	60.5617162719745	30.7136146042039	1.77325136595236	3.48963397376887	"female"
72.6	300	64.1982361829811	30.7824082913943	1.77722317133414	3.49745020741944	"female"
73	300	64.431288204203	30.8103078448736	1.7788339528053	3.50062011206691	"female"
73.5	300	65.1884683118707	30.4230598908788	1.7564761817571	3.45662159108697	"female"
74	300	63.5748769388569	31.5906722047247	1.8238883101279	3.58928391856275	"female"
74.6	300	64.7567897737333	30.8022858319787	1.77837080167487	3.49970866321608	"female"
75.2	300	65.5261739992512	30.2513643886731	1.74656333731538	3.4371138104053	"female"
75.9	300	66.1184369436162	30.8785632034569	1.78277467777047	3.5083751816435	"female"
76.6	300	64.7594432145089	30.8291861199846	1.77992389052702	3.50276503284692	"female"
77.3	300	64.12752925387	30.7717076281144	1.77660536825163	3.49623441440372	"female"
77.9	300	65.444260032599	30.2983385612583	1.74927539243409	3.44245094413754	"female"
78.5	300	62.5094390973174	30.70279352592	1.77262661070634	3.48840449938433	"female"
79.1	300	61.1232739552831	30.2456306921531	1.74623230219246	3.43646235656539	"female"
79.6	300	62.0081704100724	30.0201769480608	1.73321572420831	3.41084664656067	"female"
80.2	300	59.2012813227576	29.4982201270585	1.70308053309721	3.35154270989017	"female"
80.7	300	55.3515951481534	29.5832666682201	1.70799069744054	3.3612055679814	"female"
81.1	300	53.5569637166736	29.6406351185511	1.71130286646469	3.367723683673	"female"
